[[703, 114, 4086, 246], [750, 806, 4133, 950], [762, 1000, 4145, 1142]]
[[474, 1143, 3857, 1287], [734, 1460, 4117, 1602], [572, 1821, 3955, 1953]]
[[622, 829, 4005, 959], [806, 1117, 4189, 1247], [818, 1439, 4201, 1577]]
[[565, 566, 3948, 700], [508, 952, 3891, 1096], [591, 1468, 3974, 1608]]
[[687, 720, 4070, 858], [531, 1062, 3914, 1206], [585, 1536, 3968, 1668]]
[[785, 162, 4168, 292], [424, 423, 3807, 561], [492, 1118, 3875, 1248]]
[[703, 354, 4086, 484], [559, 727, 3942, 871], [756, 1376, 4139, 1524]]
[[548, 246, 3931, 378], [706, 698, 4089, 846], [772, 1197, 4155, 1333]]
[[726, 349, 4109, 481], [477, 647, 3860, 781], [820, 1268, 4203, 1410]]
[[529, 1134, 3912, 1280], [447, 1354, 3830, 1500], [701, 1842, 4084, 1988]]
[[488, 20, 3871, 154], [447, 423, 3830, 565], [619, 686, 4002, 826]]
[[663, 146, 4046, 276], [663, 323, 4046, 461], [671, 497, 4054, 643]]
[[558, 337, 3941, 481], [455, 898, 3838, 1044], [560, 1146, 3943, 1282]]
[[821, 302, 4204, 448], [789, 544, 4172, 674], [430, 831, 3813, 977]]
[[848, 187, 4231, 323], [796, 415, 4179, 549], [818, 1055, 4201, 1201]]
[[481, 425, 3864, 573], [528, 749, 3911, 895], [593, 1404, 3976, 1544]]
[[806, 1053, 4189, 1193], [541, 1378, 3924, 1520], [581, 1732, 3964, 1866]]
[[445, 230, 3828, 366], [699, 850, 4082, 990], [517, 1361, 3900, 1493]]
[[410, 140, 3793, 274], [577, 608, 3960, 750], [539, 1045, 3922, 1183]]
[[455, 742, 3838, 884], [649, 1299, 4032, 1439], [780, 1728, 4163, 1860]]
[[819, 278, 4202, 410], [467, 408, 3850, 552], [428, 621, 3811, 767]]
[[445, 1156, 3828, 1298], [593, 1696, 3976, 1826], [680, 2122, 4063, 2254]]
[[546, 792, 3929, 934], [450, 1278, 3833, 1424], [746, 1511, 4129, 1643]]
[[624, 490, 4007, 628], [467, 912, 3850, 1054], [686, 1304, 4069, 1442]]
[[595, 93, 3978, 225], [681, 346, 4064, 486], [604, 855, 3987, 999]]
[[504, 569, 3887, 705], [733, 861, 4116, 997], [703, 1020, 4086, 1154]]
[[719, 335, 4102, 465], [642, 960, 4025, 1090], [742, 1564, 4125, 1694]]
[[458, 885, 3841, 1023], [528, 1411, 3911, 1541], [702, 1888, 4085, 2030]]
[[828, 1110, 4211, 1244], [622, 1433, 4005, 1575], [507, 1850, 3890, 1988]]
[[816, 1155, 4199, 1295], [812, 1715, 4195, 1859], [732, 2183, 4115, 2325]]
[[656, 360, 4039, 502], [427, 911, 3810, 1049], [791, 1154, 4174, 1284]]
[[506, 1091, 3889, 1239], [552, 1279, 3935, 1427], [495, 1659, 3878, 1801]]
[[435, 989, 3818, 1123], [537, 1386, 3920, 1528], [409, 1882, 3792, 2016]]
[[848, 809, 4231, 951], [563, 1004, 3946, 1134], [776, 1402, 4159, 1536]]
[[871, 573, 4254, 711], [457, 800, 3840, 942], [779, 1343, 4162, 1475]]
[[456, 1006, 3839, 1140], [593, 1498, 3976, 1642], [595, 1815, 3978, 1951]]
[[670, 208, 4053, 338], [655, 311, 4038, 447], [576, 810, 3959, 940]]
[[423, 11, 3806, 147], [605, 618, 3988, 756], [595, 977, 3978, 1121]]
[[552, 467, 3935, 613], [684, 846, 4067, 978], [422, 1033, 3805, 1173]]
[[810, 703, 4193, 839], [632, 935, 4015, 1081], [515, 1441, 3898, 1575]]
[[871, 534, 4254, 672], [533, 1156, 3916, 1294], [746, 1412, 4129, 1542], [680, 1697, 4063, 1837]]
[[761, 701, 4144, 847], [434, 1179, 3817, 1321], [440, 1721, 3823, 1861], [649, 2158, 4032, 2288]]
[[773, 262, 4156, 398], [702, 701, 4085, 833], [412, 1247, 3795, 1383], [697, 1681, 4080, 1829]]
[[628, 830, 4011, 966], [850, 1028, 4233, 1174], [571, 1319, 3954, 1465], [748, 1750, 4131, 1886]]
[[739, 649, 4122, 797], [769, 1251, 4152, 1389], [713, 1519, 4096, 1659], [609, 1828, 3992, 1968]]
[[692, 481, 4075, 613], [608, 770, 3991, 908], [735, 1350, 4118, 1486], [823, 1863, 4206, 2005]]
[[814, 347, 4197, 489], [551, 624, 3934, 770], [631, 1041, 4014, 1173], [752, 1425, 4135, 1571]]
[[761, 603, 4144, 733], [493, 894, 3876, 1038], [739, 1124, 4122, 1260], [806, 1586, 4189, 1720]]
[[612, 513, 3995, 655], [593, 974, 3976, 1122], [780, 1555, 4163, 1697], [653, 1912, 4036, 2056]]
[[866, 878, 4249, 1024], [433, 1369, 3816, 1509], [482, 1784, 3865, 1920], [647, 2133, 4030, 2271]]
[[673, 646, 4056, 786], [779, 842, 4162, 982], [559, 1072, 3942, 1202], [536, 1354, 3919, 1488]]
[[530, 484, 3913, 622], [515, 1051, 3898, 1195], [471, 1390, 3854, 1532], [518, 1794, 3901, 1924]]
[[526, 969, 3909, 1099], [457, 1480, 3840, 1616], [645, 1845, 4028, 1979], [535, 2301, 3918, 2437]]
[[566, 168, 3949, 302], [816, 755, 4199, 901], [550, 1140, 3933, 1284], [667, 1443, 4050, 1573]]
[[435, 470, 3818, 618], [702, 1061, 4085, 1201], [778, 1475, 4161, 1607], [722, 1962, 4105, 2092]]
[[656, 172, 4039, 304], [746, 513, 4129, 653], [761, 965, 4144, 1099], [566, 1460, 3949, 1600]]
[[535, 494, 3918, 624], [516, 929, 3899, 1073], [809, 1279, 4192, 1421], [660, 1641, 4043, 1775]]
[[540, 871, 3923, 1015], [446, 1194, 3829, 1340], [585, 1745, 3968, 1877], [672, 2191, 4055, 2329]]
[[453, 266, 3836, 406], [817, 671, 4200, 805], [758, 960, 4141, 1108], [805, 1419, 4188, 1559]]
[[694, 439, 4077, 583], [579, 982, 3962, 1120], [676, 1269, 4059, 1409], [694, 1535, 4077, 1669]]
[[702, 645, 4085, 793], [606, 845, 3989, 979], [453, 1268, 3836, 1412], [693, 1756, 4076, 1900]]
[[802, 1003, 4185, 1133], [838, 1460, 4221, 1600], [475, 1854, 3858, 1986], [641, 2272, 4024, 2410]]
[[685, 793, 4068, 923], [500, 986, 3883, 1124], [788, 1505, 4171, 1639], [552, 1915, 3935, 2053]]
[[575, 954, 3958, 1090], [443, 1196, 3826, 1334], [474, 1596, 3857, 1728], [708, 1869, 4091, 2009]]
[[837, 177, 4220, 313], [541, 409, 3924, 555], [790, 991, 4173, 1131], [593, 1415, 3976, 1555]]
[[663, 870, 4046, 1006], [810, 1168, 4193, 1316], [628, 1483, 4011, 1619], [535, 1925, 3918, 2069]]
[[472, 891, 3855, 1021], [770, 1225, 4153, 1367], [634, 1739, 4017, 1883], [609, 2047, 3992, 2183]]
[[481, 548, 3864, 686], [813, 1118, 4196, 1256], [829, 1521, 4212, 1659], [659, 2009, 4042, 2153]]
[[600, 612, 3983, 752], [645, 1083, 4028, 1219], [739, 1385, 4122, 1531], [520, 1800, 3903, 1940]]
[[829, 970, 4212, 1106], [687, 1312, 4070, 1444], [681, 1755, 4064, 1891], [825, 2093, 4208, 2229]]
[[595, 1017, 3978, 1155], [424, 1531, 3807, 1671], [752, 1986, 4135, 2134], [862, 2338, 4245, 2474]]
[[648, 688, 4031, 832], [676, 1232, 4059, 1370], [863, 1546, 4246, 1694], [717, 1999, 4100, 2143]]
[[616, 996, 3999, 1140], [423, 1520, 3806, 1660], [737, 1860, 4120, 2004], [639, 2331, 4022, 2473]]
[[614, 349, 3997, 485], [753, 671, 4136, 801], [772, 1166, 4155, 1306], [800, 1571, 4183, 1703]]
[[564, 925, 3947, 1069], [756, 1412, 4139, 1548], [575, 1856, 3958, 1998], [548, 2206, 3931, 2336]]
[[468, 986, 3851, 1130], [664, 1283, 4047, 1425], [698, 1818, 4081, 1966], [438, 2227, 3821, 2365]]
[[599, 885, 3982, 1027], [454, 1313, 3837, 1455], [509, 1732, 3892, 1872], [506, 2121, 3889, 2265]]
[[513, 128, 3896, 276], [868, 282, 4251, 418], [698, 548, 4081, 684], [801, 899, 4184, 1047]]
[[661, 223, 4044, 361], [691, 565, 4074, 709], [821, 846, 4204, 976], [680, 1100, 4063, 1236]]
[[742, 602, 4125, 736], [687, 792, 4070, 930], [504, 1371, 3887, 1519], [644, 1803, 4027, 1935]]
[[659, 893, 4042, 1031], [628, 1195, 4011, 1335], [811, 1566, 4194, 1712], [747, 1895, 4130, 2025], [512, 2234, 3895, 2372]]
[[707, 703, 4090, 835], [795, 929, 4178, 1065], [531, 1349, 3914, 1481], [413, 1790, 3796, 1936], [809, 2171, 4192, 2311]]
[[417, 510, 3800, 644], [765, 784, 4148, 922], [412, 1168, 3795, 1308], [448, 1509, 3831, 1641], [757, 1798, 4140, 1944]]
[[549, 387, 3932, 525], [730, 893, 4113, 1041], [523, 1355, 3906, 1493], [489, 1717, 3872, 1853], [845, 2061, 4228, 2197]]
[[501, 229, 3884, 375], [846, 480, 4229, 622], [661, 809, 4044, 939], [445, 1072, 3828, 1218], [582, 1420, 3965, 1562]]
[[810, 784, 4193, 916], [584, 1240, 3967, 1382], [725, 1645, 4108, 1785], [413, 2099, 3796, 2241], [435, 2444, 3818, 2582]]
[[636, 398, 4019, 536], [505, 760, 3888, 894], [699, 1210, 4082, 1342], [711, 1694, 4094, 1840], [796, 2012, 4179, 2146]]
[[621, 564, 4004, 706], [758, 893, 4141, 1023], [753, 1361, 4136, 1505], [538, 1694, 3921, 1836], [676, 2176, 4059, 2322]]
[[593, 286, 3976, 434], [690, 656, 4073, 802], [445, 1135, 3828, 1283], [855, 1587, 4238, 1725], [498, 2043, 3881, 2179]]
[[505, 435, 3888, 579], [425, 693, 3808, 829], [609, 968, 3992, 1108], [587, 1469, 3970, 1613], [800, 1840, 4183, 1976]]
[[677, 282, 4060, 430], [563, 668, 3946, 798], [786, 912, 4169, 1054], [533, 1245, 3916, 1393], [769, 1770, 4152, 1916]]
[[819, 521, 4202, 651], [752, 907, 4135, 1039], [508, 1343, 3891, 1489], [447, 1795, 3830, 1929], [561, 2159, 3944, 2299]]
[[862, 583, 4245, 719], [765, 1154, 4148, 1286], [624, 1411, 4007, 1549], [666, 1780, 4049, 1928], [564, 2122, 3947, 2266]]
[[855, 771, 4238, 919], [566, 1228, 3949, 1366], [525, 1568, 3908, 1704], [407, 2009, 3790, 2151], [468, 2401, 3851, 2535]]
[[603, 609, 3986, 741], [754, 862, 4137, 1004], [824, 1427, 4207, 1561], [450, 1790, 3833, 1936], [673, 2261, 4056, 2407]]
[[760, 201, 4143, 335], [704, 784, 4087, 918], [480, 1067, 3863, 1213], [682, 1327, 4065, 1465], [490, 1804, 3873, 1946]]
[[595, 356, 3978, 498], [480, 687, 3863, 831], [515, 1190, 3898, 1322], [677, 1621, 4060, 1759], [415, 1939, 3798, 2073]]
[[663, 813, 4046, 959], [728, 1361, 4111, 1501], [457, 1643, 3840, 1777], [599, 2002, 3982, 2150], [703, 2436, 4086, 2570]]
[[825, 496, 4208, 642], [540, 755, 3923, 885], [562, 1245, 3945, 1381], [740, 1754, 4123, 1894], [812, 2221, 4195, 2363]]
[[796, 504, 4179, 644], [776, 912, 4159, 1050], [648, 1246, 4031, 1376], [745, 1713, 4128, 1843], [703, 2139, 4086, 2287]]
[[434, 908, 3817, 1042], [571, 1229, 3954, 1377], [511, 1546, 3894, 1678], [631, 1995, 4014, 2133], [494, 2357, 3877, 2505]]
[[540, 381, 3923, 517], [549, 590, 3932, 738], [461, 869, 3844, 1009], [412, 1144, 3795, 1276], [443, 1538, 3826, 1684]]
[[815, 454, 4198, 586], [679, 908, 4062, 1054], [587, 1217, 3970, 1357], [483, 1618, 3866, 1748], [854, 1998, 4237, 2140]]
[[548, 622, 3931, 760], [675, 851, 4058, 999], [612, 1119, 3995, 1257], [474, 1527, 3857, 1663], [630, 1835, 4013, 1981]]
[[682, 603, 4065, 747], [852, 879, 4235, 1015], [646, 1232, 4029, 1380], [543, 1640, 3926, 1788], [481, 2028, 3864, 2168]]
[[634, 462, 4017, 592], [511, 928, 3894, 1076], [679, 1217, 4062, 1361], [471, 1695, 3854, 1827], [731, 1995, 4114, 2143]]
[[420, 518, 3803, 660], [579, 1102, 3962, 1232], [581, 1606, 3964, 1736], [467, 1981, 3850, 2123], [591, 2331, 3974, 2467]]
[[868, 618, 4251, 754], [850, 1172, 4233, 1306], [610, 1589, 3993, 1729], [528, 2014, 3911, 2162], [819, 2411, 4202, 2549]]
[[813, 941, 4196, 1073], [703, 1311, 4086, 1455], [425, 1616, 3808, 1764], [769, 1953, 4152, 2101], [840, 2378, 4223, 2520]]
[[832, 287, 4215, 421], [473, 470, 3856, 608], [790, 982, 4173, 1120], [690, 1305, 4073, 1445], [833, 1792, 4216, 1928]]
[[771, 850, 4154, 984], [699, 1120, 4082, 1260], [766, 1589, 4149, 1735], [425, 2004, 3808, 2144], [597, 2387, 3980, 2531]]
[[553, 337, 3936, 469], [725, 764, 4108, 894], [676, 1178, 4059, 1308], [545, 1511, 3928, 1657], [467, 1825, 3850, 1965]]
[[526, 227, 3909, 369], [844, 798, 4227, 946], [632, 1099, 4015, 1229], [733, 1477, 4116, 1619], [594, 1770, 3977, 1902]]
[[440, 568, 3823, 708], [585, 1052, 3968, 1186], [472, 1577, 3855, 1709], [446, 1883, 3829, 2023], [781, 2215, 4164, 2347]]
[[628, 806, 4011, 940], [827, 1358, 4210, 1496], [867, 1727, 4250, 1873], [484, 2208, 3867, 2350], [542, 2564, 3925, 2704]]
[[853, 711, 4236, 845], [474, 1034, 3857, 1182], [426, 1480, 3809, 1618], [594, 1936, 3977, 2084], [421, 2296, 3804, 2440]]
[[605, 210, 3988, 348], [764, 585, 4147, 727], [746, 997, 4129, 1127], [636, 1467, 4019, 1597], [737, 1929, 4120, 2069]]
[[452, 422, 3835, 558], [727, 909, 4110, 1053], [596, 1374, 3979, 1508], [441, 1686, 3824, 1826], [584, 2143, 3967, 2279]]
[[612, 602, 3995, 750], [840, 982, 4223, 1130], [457, 1386, 3840, 1534], [647, 1681, 4030, 1829], [823, 2124, 4206, 2264]]
[[706, 773, 4089, 911], [855, 1091, 4238, 1225], [434, 1454, 3817, 1590], [623, 1808, 4006, 1954], [843, 2146, 4226, 2278]]
